1732163362214 0.74099 0
1732163400969 0.8344 1
1732163438663 0.65656 2
1732163475368 0.7 3
1732163512989 0.76444 4
1732163550188 0.86955 5
1732163587890 0.88458 6
1732163625410 0.86501 7
1732163662571 0.89373 8
1732163699639 0.92984 9
1732163735663 0.94058 10
1732163773374 0.92299 11
1732163809038 0.9401 12
1732163842742 0.94181 13
1732163876499 0.9342 14
1732163910224 0.94486 15
1732163943701 0.94026 16
1732163977113 0.93823 17
1732164010461 0.93616 18
1732164043898 0.94093 19
1732164077521 0.95715 20
1732164113521 0.95335 21
1732164150462 0.95577 22
1732164188003 0.96412 23
1732164225486 0.95962 24
1732164262779 0.95692 25
1732164299862 0.96529 26
1732164336990 0.96091 27
1732164373894 0.96178 28
1732164411106 0.96926 29
1732164448686 0.96589 30
1732164485811 0.95948 31
1732164523308 0.96077 32
1732164560311 0.96504 33
1732164597583 0.96955 34
1732164632712 0.96471 35
1732164666430 0.9631 36
1732164701248 0.96441 37
1732164734661 0.96265 38
1732164768123 0.96762 39
1732164801523 0.96697 40
1732164834971 0.96949 41
1732164868400 0.96951 42
1732164901906 0.9693 43
1732164937686 0.97508 44
1732164973534 0.97244 45
1732165009548 0.97089 46
1732165045754 0.9787 47
1732165082365 0.97923 48
1732165118016 0.9689 49
1732165153899 0.97462 50
1732165189860 0.97491 51
1732165225756 0.97465 52
1732165261592 0.97454 53
1732165297402 0.97738 54
1732165333272 0.97693 55
1732165369107 0.9776 56
1732165405034 0.98189 57
1732165440977 0.97936 58
1732165476794 0.97812 59
1732165512692 0.98002 60
1732165548566 0.98002 61
1732165584572 0.98169 62
1732165620444 0.9843 63
1732165656204 0.98342 64
1732165692367 0.9842 65
1732165728238 0.98104 66
1732165764217 0.98073 67
1732165800065 0.98413 68
1732165835957 0.98331 69
1732165871968 0.98372 70
1732165907939 0.98322 71
1732165943847 0.98254 72
1732165979722 0.98364 73
1732166015703 0.98214 74
1732166051431 0.98243 75
1732166087379 0.98442 76
1732166123290 0.97975 77
1732166159088 0.98413 78
1732166194799 0.98392 79
1732166230728 0.9839 80
1732166266633 0.98423 81
1732166302560 0.98234 82
1732166338301 0.98414 83
1732166373967 0.98444 84
1732166409781 0.98505 85
1732166445590 0.98571 86
1732166481491 0.98582 87
1732166517134 0.9858 88
1732166552765 0.98554 89
1732166605986 0.98538 90
1732166641385 0.9847 91
1732166676670 0.98511 92
1732166711906 0.98632 93
1732166747146 0.98618 94
1732166782615 0.98614 95
1732166817791 0.98532 96
1732166852920 0.98661 97
1732166888234 0.98665 98
1732166923451 0.98558 99
1732166933439 0.985587017832934 99
