1732163362214 0.36893 0
1732163400969 0.42597 1
1732163438663 0.30536 2
1732163475368 0.35812 3
1732163512989 0.36903 4
1732163550188 0.47251 5
1732163587890 0.48293 6
1732163625410 0.50237 7
1732163662571 0.51445 8
1732163699639 0.54795 9
1732163735663 0.56572 10
1732163773374 0.55307 11
1732163809038 0.55935 12
1732163842742 0.56518 13
1732163876499 0.57428 14
1732163910224 0.57921 15
1732163943701 0.57253 16
1732163977113 0.57804 17
1732164010461 0.59853 18
1732164043898 0.60301 19
1732164077521 0.61356 20
1732164113521 0.60687 21
1732164150462 0.61978 22
1732164188003 0.6194 23
1732164225486 0.62292 24
1732164262779 0.63672 25
1732164299862 0.61989 26
1732164336990 0.62734 27
1732164373894 0.64316 28
1732164411106 0.63915 29
1732164448686 0.64215 30
1732164485811 0.63689 31
1732164523308 0.63969 32
1732164560311 0.64219 33
1732164597583 0.64045 34
1732164632712 0.65503 35
1732164666430 0.63963 36
1732164701248 0.65236 37
1732164734661 0.65891 38
1732164768123 0.66744 39
1732164801523 0.65941 40
1732164834971 0.66632 41
1732164868400 0.6661 42
1732164901906 0.67004 43
1732164937686 0.67148 44
1732164973534 0.6776 45
1732165009548 0.67139 46
1732165045754 0.68147 47
1732165082365 0.67375 48
1732165118016 0.67007 49
1732165153899 0.67374 50
1732165189860 0.6822 51
1732165225756 0.68936 52
1732165261592 0.68706 53
1732165297402 0.69614 54
1732165333272 0.69327 55
1732165369107 0.69447 56
1732165405034 0.69882 57
1732165440977 0.69717 58
1732165476794 0.70039 59
1732165512692 0.70021 60
1732165548566 0.69949 61
1732165584572 0.70122 62
1732165620444 0.7034 63
1732165656204 0.70785 64
1732165692367 0.708 65
1732165728238 0.70775 66
1732165764217 0.71095 67
1732165800065 0.71333 68
1732165835957 0.71181 69
1732165871968 0.71742 70
1732165907939 0.71599 71
1732165943847 0.71387 72
1732165979722 0.71128 73
1732166015703 0.71862 74
1732166051431 0.71863 75
1732166087379 0.7195 76
1732166123290 0.72268 77
1732166159088 0.72344 78
1732166194799 0.7218 79
1732166230728 0.72302 80
1732166266633 0.72467 81
1732166302560 0.72717 82
1732166338301 0.73099 83
1732166373967 0.73011 84
1732166409781 0.73017 85
1732166445590 0.72862 86
1732166481491 0.73271 87
1732166517134 0.7345 88
1732166552765 0.73493 89
1732166605986 0.73106 90
1732166641385 0.73214 91
1732166676670 0.73299 92
1732166711906 0.73328 93
1732166747146 0.73613 94
1732166782615 0.73618 95
1732166817791 0.73401 96
1732166852920 0.73471 97
1732166888234 0.73676 98
1732166923451 0.73654 99
1732166933439 0.7369910699277089 99
