1732163362214 0.76087 0
1732163400969 0.82515 1
1732163438663 0.66753 2
1732163475368 0.77022 3
1732163512989 0.74266 4
1732163550188 0.89802 5
1732163587890 0.92308 6
1732163625410 0.8778 7
1732163662571 0.88428 8
1732163699639 0.93113 9
1732163735663 0.9484 10
1732163773374 0.93806 11
1732163809038 0.93954 12
1732163842742 0.96717 13
1732163876499 0.93426 14
1732163910224 0.95202 15
1732163943701 0.92767 16
1732163977113 0.93162 17
1732164010461 0.95803 18
1732164043898 0.94719 19
1732164077521 0.97744 20
1732164113521 0.96395 21
1732164150462 0.96577 22
1732164188003 0.95628 23
1732164225486 0.95311 24
1732164262779 0.97337 25
1732164299862 0.97645 26
1732164336990 0.96629 27
1732164373894 0.97468 28
1732164411106 0.9792 29
1732164448686 0.97877 30
1732164485811 0.97089 31
1732164523308 0.97423 32
1732164560311 0.97719 33
1732164597583 0.97751 34
1732164632712 0.96955 35
1732164666430 0.95747 36
1732164701248 0.9701 37
1732164734661 0.97075 38
1732164768123 0.97949 39
1732164801523 0.9677 40
1732164834971 0.96991 41
1732164868400 0.96797 42
1732164901906 0.97034 43
1732164937686 0.96609 44
1732164973534 0.97726 45
1732165009548 0.98499 46
1732165045754 0.97134 47
1732165082365 0.98707 48
1732165118016 0.97341 49
1732165153899 0.98416 50
1732165189860 0.97129 51
1732165225756 0.9793 52
1732165261592 0.97848 53
1732165297402 0.96983 54
1732165333272 0.97134 55
1732165369107 0.98349 56
1732165405034 0.97609 57
1732165440977 0.97758 58
1732165476794 0.9809 59
1732165512692 0.98647 60
1732165548566 0.98827 61
1732165584572 0.98357 62
1732165620444 0.97758 63
1732165656204 0.98226 64
1732165692367 0.98135 65
1732165728238 0.98652 66
1732165764217 0.98844 67
1732165800065 0.97979 68
1732165835957 0.97493 69
1732165871968 0.98946 70
1732165907939 0.98397 71
1732165943847 0.98232 72
1732165979722 0.98525 73
1732166015703 0.98541 74
1732166051431 0.97955 75
1732166087379 0.97865 76
1732166123290 0.98816 77
1732166159088 0.98249 78
1732166194799 0.98557 79
1732166230728 0.98549 80
1732166266633 0.98752 81
1732166302560 0.98374 82
1732166338301 0.98539 83
1732166373967 0.98758 84
1732166409781 0.98724 85
1732166445590 0.98785 86
1732166481491 0.98886 87
1732166517134 0.98971 88
1732166552765 0.98959 89
1732166605986 0.98831 90
1732166641385 0.98609 91
1732166676670 0.98928 92
1732166711906 0.99196 93
1732166747146 0.99125 94
1732166782615 0.98944 95
1732166817791 0.98969 96
1732166852920 0.98976 97
1732166888234 0.99066 98
1732166923451 0.99019 99
1732166933439 0.990718336286377 99
