1732163362214 0.69009 0
1732163400969 0.74614 1
1732163438663 0.58983 2
1732163475368 0.6257 3
1732163512989 0.71243 4
1732163550188 0.8147 5
1732163587890 0.8267 6
1732163625410 0.80207 7
1732163662571 0.8329 8
1732163699639 0.88132 9
1732163735663 0.89019 10
1732163773374 0.85928 11
1732163809038 0.88925 12
1732163842742 0.8991 13
1732163876499 0.89617 14
1732163910224 0.89845 15
1732163943701 0.90441 16
1732163977113 0.90362 17
1732164010461 0.89094 18
1732164043898 0.8983 19
1732164077521 0.91133 20
1732164113521 0.90821 21
1732164150462 0.92333 22
1732164188003 0.92875 23
1732164225486 0.93405 24
1732164262779 0.92176 25
1732164299862 0.92779 26
1732164336990 0.93116 27
1732164373894 0.92806 28
1732164411106 0.93189 29
1732164448686 0.93596 30
1732164485811 0.92994 31
1732164523308 0.92794 32
1732164560311 0.93364 33
1732164597583 0.94081 34
1732164632712 0.94106 35
1732164666430 0.93968 36
1732164701248 0.94577 37
1732164734661 0.94212 38
1732164768123 0.93593 39
1732164801523 0.93749 40
1732164834971 0.95035 41
1732164868400 0.94915 42
1732164901906 0.95328 43
1732164937686 0.9519 44
1732164973534 0.95262 45
1732165009548 0.94922 46
1732165045754 0.95968 47
1732165082365 0.94973 48
1732165118016 0.9518 49
1732165153899 0.95025 50
1732165189860 0.95216 51
1732165225756 0.95142 52
1732165261592 0.95858 53
1732165297402 0.95865 54
1732165333272 0.96219 55
1732165369107 0.9564 56
1732165405034 0.96869 57
1732165440977 0.96136 58
1732165476794 0.95765 59
1732165512692 0.95283 60
1732165548566 0.95754 61
1732165584572 0.96048 62
1732165620444 0.96214 63
1732165656204 0.9592 64
1732165692367 0.95759 65
1732165728238 0.95531 66
1732165764217 0.95427 67
1732165800065 0.9652 68
1732165835957 0.96664 69
1732165871968 0.96165 70
1732165907939 0.96383 71
1732165943847 0.9649 72
1732165979722 0.96028 73
1732166015703 0.95701 74
1732166051431 0.96304 75
1732166087379 0.96902 76
1732166123290 0.95538 77
1732166159088 0.96923 78
1732166194799 0.96687 79
1732166230728 0.96314 80
1732166266633 0.9627 81
1732166302560 0.96329 82
1732166338301 0.96904 83
1732166373967 0.96972 84
1732166409781 0.96997 85
1732166445590 0.97038 86
1732166481491 0.96911 87
1732166517134 0.96896 88
1732166552765 0.9677 89
1732166605986 0.96967 90
1732166641385 0.97084 91
1732166676670 0.96796 92
1732166711906 0.96847 93
1732166747146 0.96882 94
1732166782615 0.9688 95
1732166817791 0.96876 96
1732166852920 0.969 97
1732166888234 0.96839 98
1732166923451 0.96881 99
1732166933439 0.9684304438466966 99
