1732163353539 0.003325635103926097 0
1732163392084 0.006593044649730562 1
1732163430109 0.009794454195535027 2
1732163467573 0.009703 3
1732163504513 0.009604 4
1732163541915 0.009505 5
1732163579411 0.009406 6
1732163617090 0.009307 7
1732163654130 0.009208000000000001 8
1732163691245 0.009109 9
1732163728612 0.00901 10
1732163764847 0.008911 11
1732163802390 0.008812 12
1732163836074 0.008713 13
1732163869857 0.008614 14
1732163903690 0.008515 15
1732163937132 0.008416 16
1732163970483 0.008317 17
1732164003894 0.008218000000000001 18
1732164037307 0.008119000000000001 19
1732164070769 0.008020000000000001 20
1732164106600 0.007921000000000001 21
1732164142626 0.007822 22
1732164179698 0.007723 23
1732164217208 0.007624 24
1732164254443 0.007525 25
1732164291514 0.007426 26
1732164328691 0.007327 27
1732164365861 0.007228 28
1732164402792 0.007129 29
1732164440291 0.00703 30
1732164477554 0.006931 31
1732164515009 0.0068319999999999995 32
1732164552471 0.006732999999999999 33
1732164589099 0.006633999999999999 34
1732164626089 0.006535 35
1732164659821 0.006436000000000001 36
1732164694531 0.006337000000000001 37
1732164728074 0.0062380000000000005 38
1732164761544 0.006139 39
1732164795011 0.00604 40
1732164828306 0.005941000000000001 41
1732164861835 0.005842000000000001 42
1732164895354 0.005743000000000001 43
1732164931019 0.005644000000000001 44
1732164966740 0.0055450000000000004 45
1732165002635 0.005446000000000001 46
1732165038220 0.005347000000000001 47
1732165075058 0.005248000000000001 48
1732165111247 0.005149 49
1732165147108 0.00505 50
1732165183071 0.004951 51
1732165219025 0.0048519999999999995 52
1732165254851 0.004753 53
1732165290572 0.004654 54
1732165326473 0.004555 55
1732165362346 0.004456 56
1732165398188 0.004357000000000001 57
1732165434086 0.0042580000000000005 58
1732165470028 0.004159 59
1732165505889 0.00406 60
1732165541778 0.003961 61
1732165577719 0.003862 62
1732165613660 0.0037630000000000003 63
1732165649501 0.003664 64
1732165685519 0.003565 65
1732165721499 0.003466 66
1732165757417 0.0033669999999999993 67
1732165793341 0.003268 68
1732165829238 0.003169000000000001 69
1732165865019 0.0030700000000000007 70
1732165901133 0.0029710000000000006 71
1732165937048 0.002872 72
1732165972987 0.0027730000000000007 73
1732166008923 0.002674 74
1732166044655 0.002575 75
1732166080571 0.002476 76
1732166116476 0.002377 77
1732166152312 0.0022779999999999996 78
1732166188002 0.002179 79
1732166223980 0.00208 80
1732166259881 0.0019809999999999993 81
1732166295723 0.0018820000000000006 82
1732166331515 0.0017830000000000005 83
1732166367259 0.0016840000000000006 84
1732166402967 0.0015850000000000003 85
1732166438799 0.0014860000000000001 86
1732166474728 0.0013870000000000002 87
1732166510300 0.001288 88
1732166546024 0.0011889999999999997 89
1732166599170 0.0010899999999999998 90
1732166634616 0.0009909999999999997 91
1732166669945 0.0008919999999999996 92
1732166705147 0.0007929999999999994 93
1732166740325 0.0006940000000000005 94
1732166775800 0.0005950000000000005 95
1732166810957 0.0004960000000000005 96
1732166846214 0.00039700000000000027 97
1732166881460 0.0002980000000000002 98
1732166916709 0.0001990000000000001 99
