1732184809415 0.91493 0
1732184915326 0.89226 1
1732185018410 0.52149 2
1732185121185 0.7322 3
1732185225479 0.7405 4
1732185320465 0.8989 5
1732185424447 0.90705 6
1732185515247 0.90147 7
1732185598996 0.916 8
1732185685728 0.93349 9
1732185772425 0.91504 10
1732185866933 0.94961 11
1732185959285 0.96216 12
1732186056567 0.95114 13
1732186153656 0.94806 14
1732186257593 0.95317 15
1732186360668 0.95649 16
1732186464154 0.96772 17
1732186569306 0.9663 18
1732186673202 0.96648 19
1732186776230 0.96197 20
1732186880183 0.96897 21
1732186984811 0.96882 22
1732187088918 0.97719 23
1732187192347 0.967 24
1732187294830 0.97771 25
1732187388840 0.9829 26
1732187482623 0.97341 27
1732187571811 0.98025 28
1732187658771 0.97608 29
1732187745325 0.9829 30
1732187830853 0.97799 31
1732187911731 0.98103 32
1732187991214 0.97299 33
1732188070569 0.98314 34
1732188150923 0.98607 35
1732188232074 0.98155 36
1732188312669 0.98099 37
1732188393736 0.98018 38
1732188474754 0.98631 39
1732188555284 0.98189 40
1732188636245 0.98739 41
1732188717221 0.986 42
1732188797693 0.98259 43
1732188878695 0.98749 44
1732188959745 0.98702 45
1732189040332 0.98918 46
1732189121341 0.98731 47
1732189201803 0.9877 48
1732189282174 0.98969 49
1732189363163 0.98752 50
1732189443747 0.98986 51
1732189524736 0.98825 52
1732189605639 0.98845 53
1732189686084 0.98891 54
1732189766566 0.9899 55
1732189846923 0.98922 56
1732189927438 0.99041 57
1732190007739 0.98997 58
1732190088713 0.99094 59
1732190169243 0.99208 60
1732190249603 0.98857 61
1732190330549 0.99022 62
1732190410941 0.99104 63
1732190491263 0.98999 64
1732190572338 0.98936 65
1732190653615 0.99059 66
1732190734117 0.98925 67
1732190814485 0.99054 68
1732190895870 0.99126 69
1732190977412 0.99254 70
1732191057883 0.99185 71
1732191138873 0.99258 72
1732191220124 0.99134 73
1732191300677 0.99107 74
1732191381026 0.98992 75
1732191461459 0.98973 76
1732191542513 0.99096 77
1732191623164 0.99096 78
1732191704249 0.99206 79
1732191784771 0.99251 80
1732191865218 0.9909 81
1732191945595 0.99045 82
1732192026660 0.9919 83
1732192107322 0.99197 84
1732192188241 0.99224 85
1732192269317 0.99113 86
1732192355446 0.99087 87
