1732184809415 0.50142 0
1732184915326 0.47727 1
1732185018410 0.2357 2
1732185121185 0.37922 3
1732185225479 0.37895 4
1732185320465 0.52016 5
1732185424447 0.52554 6
1732185515247 0.52672 7
1732185598996 0.56853 8
1732185685728 0.57816 9
1732185772425 0.57254 10
1732185866933 0.6102 11
1732185959285 0.61026 12
1732186056567 0.5994 13
1732186153656 0.62867 14
1732186257593 0.6205 15
1732186360668 0.59961 16
1732186464154 0.64042 17
1732186569306 0.64819 18
1732186673202 0.65547 19
1732186776230 0.65207 20
1732186880183 0.66267 21
1732186984811 0.67348 22
1732187088918 0.68812 23
1732187192347 0.66767 24
1732187294830 0.66978 25
1732187388840 0.6879 26
1732187482623 0.68819 27
1732187571811 0.70514 28
1732187658771 0.69394 29
1732187745325 0.68707 30
1732187830853 0.69019 31
1732187911731 0.69759 32
1732187991214 0.70401 33
1732188070569 0.70273 34
1732188150923 0.71611 35
1732188232074 0.71845 36
1732188312669 0.7135 37
1732188393736 0.72 38
1732188474754 0.72003 39
1732188555284 0.71702 40
1732188636245 0.72682 41
1732188717221 0.72732 42
1732188797693 0.71863 43
1732188878695 0.73276 44
1732188959745 0.73687 45
1732189040332 0.73567 46
1732189121341 0.74158 47
1732189201803 0.73852 48
1732189282174 0.73911 49
1732189363163 0.74618 50
1732189443747 0.74444 51
1732189524736 0.75523 52
1732189605639 0.74546 53
1732189686084 0.75177 54
1732189766566 0.7475 55
1732189846923 0.75138 56
1732189927438 0.75269 57
1732190007739 0.7515 58
1732190088713 0.75933 59
1732190169243 0.75807 60
1732190249603 0.75715 61
1732190330549 0.7634 62
1732190410941 0.76075 63
1732190491263 0.76272 64
1732190572338 0.76743 65
1732190653615 0.76737 66
1732190734117 0.76454 67
1732190814485 0.76702 68
1732190895870 0.76943 69
1732190977412 0.76751 70
1732191057883 0.76386 71
1732191138873 0.76992 72
1732191220124 0.77432 73
1732191300677 0.77268 74
1732191381026 0.77348 75
1732191461459 0.77288 76
1732191542513 0.77812 77
1732191623164 0.77656 78
1732191704249 0.77931 79
1732191784771 0.77825 80
1732191865218 0.77626 81
1732191945595 0.77605 82
1732192026660 0.77942 83
1732192107322 0.77851 84
1732192188241 0.77952 85
1732192269317 0.78022 86
1732192355446 0.78198 87
