1732184809415 0.95081 0
1732184915326 0.8984 1
1732185018410 0.55952 2
1732185121185 0.79709 3
1732185225479 0.76387 4
1732185320465 0.90808 5
1732185424447 0.94059 6
1732185515247 0.92042 7
1732185598996 0.90755 8
1732185685728 0.94215 9
1732185772425 0.93725 10
1732185866933 0.95804 11
1732185959285 0.95683 12
1732186056567 0.94163 13
1732186153656 0.95352 14
1732186257593 0.95302 15
1732186360668 0.96424 16
1732186464154 0.9711 17
1732186569306 0.96384 18
1732186673202 0.97227 19
1732186776230 0.9658 20
1732186880183 0.97361 21
1732186984811 0.98619 22
1732187088918 0.97919 23
1732187192347 0.95868 24
1732187294830 0.96851 25
1732187388840 0.97192 26
1732187482623 0.98376 27
1732187571811 0.97589 28
1732187658771 0.98212 29
1732187745325 0.98129 30
1732187830853 0.9762 31
1732187911731 0.96843 32
1732187991214 0.97834 33
1732188070569 0.98578 34
1732188150923 0.97706 35
1732188232074 0.9903 36
1732188312669 0.97511 37
1732188393736 0.9745 38
1732188474754 0.97215 39
1732188555284 0.98624 40
1732188636245 0.97799 41
1732188717221 0.98559 42
1732188797693 0.99159 43
1732188878695 0.99143 44
1732188959745 0.99052 45
1732189040332 0.98769 46
1732189121341 0.97721 47
1732189201803 0.98786 48
1732189282174 0.97924 49
1732189363163 0.99171 50
1732189443747 0.97564 51
1732189524736 0.98408 52
1732189605639 0.97856 53
1732189686084 0.98244 54
1732189766566 0.99284 55
1732189846923 0.98691 56
1732189927438 0.9837 57
1732190007739 0.97959 58
1732190088713 0.98894 59
1732190169243 0.99066 60
1732190249603 0.99075 61
1732190330549 0.97769 62
1732190410941 0.98419 63
1732190491263 0.98441 64
1732190572338 0.9851 65
1732190653615 0.98517 66
1732190734117 0.98843 67
1732190814485 0.99499 68
1732190895870 0.98714 69
1732190977412 0.98524 70
1732191057883 0.98601 71
1732191138873 0.98536 72
1732191220124 0.98822 73
1732191300677 0.98736 74
1732191381026 0.98554 75
1732191461459 0.98849 76
1732191542513 0.9849 77
1732191623164 0.98761 78
1732191704249 0.9864 79
1732191784771 0.98658 80
1732191865218 0.98906 81
1732191945595 0.98904 82
1732192026660 0.98575 83
1732192107322 0.98713 84
1732192188241 0.98914 85
1732192269317 0.98979 86
1732192355446 0.98358 87
