1732184809415 0.87309 0
1732184915326 0.84276 1
1732185018410 0.58776 2
1732185121185 0.63448 3
1732185225479 0.70502 4
1732185320465 0.85321 5
1732185424447 0.84845 6
1732185515247 0.83407 7
1732185598996 0.88062 8
1732185685728 0.8782 9
1732185772425 0.86259 10
1732185866933 0.90829 11
1732185959285 0.92334 12
1732186056567 0.92332 13
1732186153656 0.89717 14
1732186257593 0.91366 15
1732186360668 0.90803 16
1732186464154 0.92495 17
1732186569306 0.94188 18
1732186673202 0.93837 19
1732186776230 0.93276 20
1732186880183 0.94978 21
1732186984811 0.94366 22
1732187088918 0.93834 23
1732187192347 0.94864 24
1732187294830 0.95212 25
1732187388840 0.96358 26
1732187482623 0.93482 27
1732187571811 0.95378 28
1732187658771 0.95263 29
1732187745325 0.95302 30
1732187830853 0.94664 31
1732187911731 0.94986 32
1732187991214 0.94957 33
1732188070569 0.94805 34
1732188150923 0.95209 35
1732188232074 0.94319 36
1732188312669 0.94939 37
1732188393736 0.95771 38
1732188474754 0.96481 39
1732188555284 0.95345 40
1732188636245 0.96529 41
1732188717221 0.95599 42
1732188797693 0.95194 43
1732188878695 0.95245 44
1732188959745 0.95603 45
1732189040332 0.95706 46
1732189121341 0.97466 47
1732189201803 0.95823 48
1732189282174 0.97075 49
1732189363163 0.95888 50
1732189443747 0.98132 51
1732189524736 0.97161 52
1732189605639 0.97298 53
1732189686084 0.97034 54
1732189766566 0.96745 55
1732189846923 0.97196 56
1732189927438 0.97822 57
1732190007739 0.97649 58
1732190088713 0.97443 59
1732190169243 0.96845 60
1732190249603 0.96861 61
1732190330549 0.97771 62
1732190410941 0.97556 63
1732190491263 0.97582 64
1732190572338 0.97854 65
1732190653615 0.981 66
1732190734117 0.97782 67
1732190814485 0.96461 68
1732190895870 0.97589 69
1732190977412 0.98007 70
1732191057883 0.98019 71
1732191138873 0.98109 72
1732191220124 0.97938 73
1732191300677 0.97933 74
1732191381026 0.98017 75
1732191461459 0.97302 76
1732191542513 0.97716 77
1732191623164 0.97466 78
1732191704249 0.97711 79
1732191784771 0.97732 80
1732191865218 0.97469 81
1732191945595 0.97669 82
1732192026660 0.97779 83
1732192107322 0.97903 84
1732192188241 0.97483 85
1732192269317 0.97289 86
1732192355446 0.97774 87
