1732184793958 0.003325635103926097 0
1732184902063 0.006593044649730562 1
1732185004005 0.009794454195535027 2
1732185106990 0.009703 3
1732185211879 0.009604 4
1732185305688 0.009505 5
1732185409577 0.009406 6
1732185502178 0.009307 7
1732185586827 0.009208000000000001 8
1732185673543 0.009109 9
1732185760715 0.00901 10
1732185853533 0.008911 11
1732185944239 0.008812 12
1732186045150 0.008713 13
1732186138879 0.008614 14
1732186243030 0.008515 15
1732186346435 0.008416 16
1732186449377 0.008317 17
1732186554324 0.008218000000000001 18
1732186658535 0.008119000000000001 19
1732186761957 0.008020000000000001 20
1732186865314 0.007921000000000001 21
1732186969917 0.007822 22
1732187074090 0.007723 23
1732187178016 0.007624 24
1732187280794 0.007525 25
1732187375227 0.007426 26
1732187469360 0.007327 27
1732187558937 0.007228 28
1732187646557 0.007129 29
1732187733110 0.00703 30
1732187819203 0.006931 31
1732187900288 0.0068319999999999995 32
1732187979763 0.006732999999999999 33
1732188059271 0.006633999999999999 34
1732188138717 0.006535 35
1732188220009 0.006436000000000001 36
1732188301153 0.006337000000000001 37
1732188381580 0.0062380000000000005 38
1732188462717 0.006139 39
1732188543838 0.00604 40
1732188624181 0.005941000000000001 41
1732188705180 0.005842000000000001 42
1732188786259 0.005743000000000001 43
1732188866624 0.005644000000000001 44
1732188947717 0.0055450000000000004 45
1732189028865 0.005446000000000001 46
1732189109174 0.005347000000000001 47
1732189190359 0.005248000000000001 48
1732189270753 0.005149 49
1732189351120 0.00505 50
1732189432318 0.004951 51
1732189512671 0.0048519999999999995 52
1732189593796 0.004753 53
1732189674648 0.004654 54
1732189755128 0.004555 55
1732189835496 0.004456 56
1732189915977 0.004357000000000001 57
1732189996342 0.0042580000000000005 58
1732190076678 0.004159 59
1732190157825 0.00406 60
1732190238254 0.003961 61
1732190318530 0.003862 62
1732190399610 0.0037630000000000003 63
1732190479896 0.003664 64
1732190560210 0.003565 65
1732190641486 0.003466 66
1732190722662 0.0033669999999999993 67
1732190803094 0.003268 68
1732190883524 0.003169000000000001 69
1732190965563 0.0030700000000000007 70
1732191046437 0.0029710000000000006 71
1732191126844 0.002872 72
1732191208052 0.0027730000000000007 73
1732191289252 0.002674 74
1732191369604 0.002575 75
1732191450007 0.002476 76
1732191530370 0.002377 77
1732191611739 0.0022779999999999996 78
1732191692175 0.002179 79
1732191773363 0.00208 80
1732191853790 0.0019809999999999993 81
1732191934198 0.0018820000000000006 82
1732192014528 0.0017830000000000005 83
1732192095924 0.0016840000000000006 84
1732192176244 0.0015850000000000003 85
1732192257276 0.0014860000000000001 86
1732192342531 0.0013870000000000002 87
