1732163353539 1.74813 0
1732163392084 1.69198 1
1732163430109 1.7489 2
1732163467573 1.76287 3
1732163504513 1.70468 4
1732163541915 1.65596 5
1732163579411 1.57731 6
1732163617090 1.54717 7
1732163654130 1.5168 8
1732163691245 1.49305 9
1732163728612 1.46369 10
1732163764847 1.46196 11
1732163802390 1.43505 12
1732163836074 1.41359 13
1732163869857 1.38831 14
1732163903690 1.39365 15
1732163937132 1.38411 16
1732163970483 1.37387 17
1732164003894 1.33886 18
1732164037307 1.34804 19
1732164070769 1.32532 20
1732164106600 1.32545 21
1732164142626 1.30763 22
1732164179698 1.31622 23
1732164217208 1.29876 24
1732164254443 1.29357 25
1732164291514 1.29036 26
1732164328691 1.28554 27
1732164365861 1.26428 28
1732164402792 1.26814 29
1732164440291 1.25448 30
1732164477554 1.2488 31
1732164515009 1.24617 32
1732164552471 1.24916 33
1732164589099 1.2501 34
1732164626089 1.22873 35
1732164659821 1.21544 36
1732164694531 1.22374 37
1732164728074 1.19958 38
1732164761544 1.20385 39
1732164795011 1.19 40
1732164828306 1.18797 41
1732164861835 1.18586 42
1732164895354 1.18287 43
1732164931019 1.18897 44
1732164966740 1.17818 45
1732165002635 1.15589 46
1732165038220 1.16115 47
1732165075058 1.17855 48
1732165111247 1.15392 49
1732165147108 1.15309 50
1732165183071 1.14001 51
1732165219025 1.14574 52
1732165254851 1.14473 53
1732165290572 1.13084 54
1732165326473 1.12745 55
1732165362346 1.1339 56
1732165398188 1.13049 57
1732165434086 1.10639 58
1732165470028 1.11534 59
1732165505889 1.10791 60
1732165541778 1.11548 61
1732165577719 1.10391 62
1732165613660 1.09894 63
1732165649501 1.08541 64
1732165685519 1.07694 65
1732165721499 1.07836 66
1732165757417 1.08204 67
1732165793341 1.06602 68
1732165829238 1.06641 69
1732165865019 1.06469 70
1732165901133 1.05654 71
1732165937048 1.06656 72
1732165972987 1.05282 73
1732166008923 1.0367 74
1732166044655 1.05041 75
1732166080571 1.03883 76
1732166116476 1.03904 77
1732166152312 1.0375 78
1732166188002 1.03443 79
1732166223980 1.02922 80
1732166259881 1.02799 81
1732166295723 1.00632 82
1732166331515 1.00147 83
1732166367259 1.01875 84
1732166402967 1.00492 85
1732166438799 1.00605 86
1732166474728 0.9953 87
1732166510300 0.99118 88
1732166546024 0.98917 89
1732166599170 0.92311 90
1732166634616 0.91419 91
1732166669945 0.91281 92
1732166705147 0.90484 93
1732166740325 0.89403 94
1732166775800 0.88797 95
1732166810957 0.89282 96
1732166846214 0.88819 97
1732166881460 0.88134 98
1732166916709 0.87358 99
