1732163353539 3.00245 0
1732163392084 1.83751 1
1732163430109 1.56031 2
1732163467573 1.33913 3
1732163504513 1.17387 4
1732163541915 1.07661 5
1732163579411 1.01644 6
1732163617090 0.95688 7
1732163654130 0.92713 8
1732163691245 0.89364 9
1732163728612 0.87866 10
1732163764847 0.86302 11
1732163802390 0.84841 12
1732163836074 0.82755 13
1732163869857 0.79902 14
1732163903690 0.79572 15
1732163937132 0.78397 16
1732163970483 0.78965 17
1732164003894 0.75509 18
1732164037307 0.75645 19
1732164070769 0.7482 20
1732164106600 0.73474 21
1732164142626 0.73631 22
1732164179698 0.73688 23
1732164217208 0.71266 24
1732164254443 0.71029 25
1732164291514 0.71172 26
1732164328691 0.70021 27
1732164365861 0.69088 28
1732164402792 0.69617 29
1732164440291 0.68711 30
1732164477554 0.67364 31
1732164515009 0.66797 32
1732164552471 0.67114 33
1732164589099 0.66678 34
1732164626089 0.65944 35
1732164659821 0.64953 36
1732164694531 0.66126 37
1732164728074 0.63701 38
1732164761544 0.63697 39
1732164795011 0.6329 40
1732164828306 0.63029 41
1732164861835 0.63053 42
1732164895354 0.62585 43
1732164931019 0.61843 44
1732164966740 0.6207 45
1732165002635 0.60836 46
1732165038220 0.6095 47
1732165075058 0.6158 48
1732165111247 0.60981 49
1732165147108 0.60711 50
1732165183071 0.59701 51
1732165219025 0.5943 52
1732165254851 0.5934 53
1732165290572 0.58528 54
1732165326473 0.58675 55
1732165362346 0.58842 56
1732165398188 0.58253 57
1732165434086 0.57231 58
1732165470028 0.57516 59
1732165505889 0.57406 60
1732165541778 0.57275 61
1732165577719 0.56275 62
1732165613660 0.56093 63
1732165649501 0.55525 64
1732165685519 0.55395 65
1732165721499 0.55276 66
1732165757417 0.55304 67
1732165793341 0.54658 68
1732165829238 0.54601 69
1732165865019 0.53449 70
1732165901133 0.53437 71
1732165937048 0.53803 72
1732165972987 0.53285 73
1732166008923 0.52179 74
1732166044655 0.52663 75
1732166080571 0.51947 76
1732166116476 0.52137 77
1732166152312 0.5203 78
1732166188002 0.5185 79
1732166223980 0.51481 80
1732166259881 0.51244 81
1732166295723 0.50536 82
1732166331515 0.4994 83
1732166367259 0.50762 84
1732166402967 0.5013 85
1732166438799 0.49788 86
1732166474728 0.48819 87
1732166510300 0.48985 88
1732166546024 0.48884 89
1732166599170 0.44055 90
1732166634616 0.43785 91
1732166669945 0.43431 92
1732166705147 0.43013 93
1732166740325 0.42386 94
1732166775800 0.42216 95
1732166810957 0.42221 96
1732166846214 0.41935 97
1732166881460 0.41402 98
1732166916709 0.40851 99
