1732163353539 1.12305 0
1732163392084 1.0891 1
1732163430109 1.12786 2
1732163467573 1.13168 3
1732163504513 1.11529 4
1732163541915 1.09723 5
1732163579411 1.07123 6
1732163617090 1.05452 7
1732163654130 1.04595 8
1732163691245 1.04487 9
1732163728612 1.02746 10
1732163764847 1.03221 11
1732163802390 1.02444 12
1732163836074 1.00955 13
1732163869857 1.0046 14
1732163903690 1.00126 15
1732163937132 0.99771 16
1732163970483 0.99507 17
1732164003894 0.98443 18
1732164037307 0.99349 19
1732164070769 0.9933 20
1732164106600 0.98628 21
1732164142626 0.98131 22
1732164179698 0.98283 23
1732164217208 0.98062 24
1732164254443 0.97262 25
1732164291514 0.96623 26
1732164328691 0.96984 27
1732164365861 0.96073 28
1732164402792 0.9681 29
1732164440291 0.95559 30
1732164477554 0.95503 31
1732164515009 0.95982 32
1732164552471 0.95912 33
1732164589099 0.95567 34
1732164626089 0.95755 35
1732164659821 0.95232 36
1732164694531 0.94858 37
1732164728074 0.94848 38
1732164761544 0.95197 39
1732164795011 0.94117 40
1732164828306 0.94898 41
1732164861835 0.93994 42
1732164895354 0.94559 43
1732164931019 0.94269 44
1732164966740 0.93702 45
1732165002635 0.93232 46
1732165038220 0.93465 47
1732165075058 0.93283 48
1732165111247 0.93439 49
1732165147108 0.92998 50
1732165183071 0.93174 51
1732165219025 0.92706 52
1732165254851 0.92834 53
1732165290572 0.92605 54
1732165326473 0.92883 55
1732165362346 0.93196 56
1732165398188 0.91986 57
1732165434086 0.91566 58
1732165470028 0.91282 59
1732165505889 0.91814 60
1732165541778 0.92086 61
1732165577719 0.91598 62
1732165613660 0.91763 63
1732165649501 0.91127 64
1732165685519 0.91249 65
1732165721499 0.90809 66
1732165757417 0.90918 67
1732165793341 0.91101 68
1732165829238 0.90842 69
1732165865019 0.9087 70
1732165901133 0.90589 71
1732165937048 0.90926 72
1732165972987 0.90458 73
1732166008923 0.9059 74
1732166044655 0.90042 75
1732166080571 0.89818 76
1732166116476 0.90103 77
1732166152312 0.89926 78
1732166188002 0.9005 79
1732166223980 0.90232 80
1732166259881 0.89704 81
1732166295723 0.89981 82
1732166331515 0.89405 83
1732166367259 0.89903 84
1732166402967 0.89303 85
1732166438799 0.89847 86
1732166474728 0.8897 87
1732166510300 0.88871 88
1732166546024 0.8944 89
1732166599170 0.87308 90
1732166634616 0.86922 91
1732166669945 0.86988 92
1732166705147 0.86548 93
1732166740325 0.85994 94
1732166775800 0.86007 95
1732166810957 0.86169 96
1732166846214 0.8603 97
1732166881460 0.86091 98
1732166916709 0.85812 99
