1732184793958 1.46622 0
1732184902063 1.50619 1
1732185004005 1.63854 2
1732185106990 1.70371 3
1732185211879 1.64133 4
1732185305688 1.58388 5
1732185409577 1.48694 6
1732185502178 1.45448 7
1732185586827 1.42106 8
1732185673543 1.40759 9
1732185760715 1.3577 10
1732185853533 1.36367 11
1732185944239 1.33138 12
1732186045150 1.30202 13
1732186138879 1.28501 14
1732186243030 1.27184 15
1732186346435 1.24697 16
1732186449377 1.2543 17
1732186554324 1.22625 18
1732186658535 1.21464 19
1732186761957 1.20237 20
1732186865314 1.1931 21
1732186969917 1.17771 22
1732187074090 1.17154 23
1732187178016 1.16389 24
1732187280794 1.15134 25
1732187375227 1.14711 26
1732187469360 1.14022 27
1732187558937 1.11816 28
1732187646557 1.12548 29
1732187733110 1.11461 30
1732187819203 1.1025 31
1732187900288 1.09827 32
1732187979763 1.10287 33
1732188059271 1.08839 34
1732188138717 1.07344 35
1732188220009 1.0691 36
1732188301153 1.07683 37
1732188381580 1.05318 38
1732188462717 1.04916 39
1732188543838 1.04121 40
1732188624181 1.04494 41
1732188705180 1.03907 42
1732188786259 1.03981 43
1732188866624 1.03246 44
1732188947717 1.02492 45
1732189028865 1.00839 46
1732189109174 1.0141 47
1732189190359 1.0249 48
1732189270753 1.00586 49
1732189351120 0.99828 50
1732189432318 0.98144 51
1732189512671 0.99659 52
1732189593796 0.98475 53
1732189674648 0.97591 54
1732189755128 0.96466 55
1732189835496 0.97826 56
1732189915977 0.97023 57
1732189996342 0.95072 58
1732190076678 0.95669 59
1732190157825 0.94311 60
1732190238254 0.95364 61
1732190318530 0.93621 62
1732190399610 0.94442 63
1732190479896 0.91953 64
1732190560210 0.91153 65
1732190641486 0.91618 66
1732190722662 0.91737 67
1732190803094 0.89865 68
1732190883524 0.9028 69
1732190965563 0.90507 70
1732191046437 0.89153 71
1732191126844 0.89237 72
1732191208052 0.88157 73
1732191289252 0.87594 74
1732191369604 0.87889 75
1732191450007 0.87556 76
1732191530370 0.8587 77
1732191611739 0.87139 78
1732191692175 0.85898 79
1732191773363 0.85889 80
1732191853790 0.85889 81
1732191934198 0.8329 82
1732192014528 0.8317 83
1732192095924 0.84121 84
1732192176244 0.82762 85
1732192257276 0.83119 86
1732192342531 0.82627 87
