1732184793958 1.63721 0
1732184902063 0.96418 1
1732185004005 1.1071 2
1732185106990 1.15838 3
1732185211879 1.05506 4
1732185305688 0.98468 5
1732185409577 0.88893 6
1732185502178 0.85991 7
1732185586827 0.83811 8
1732185673543 0.79985 9
1732185760715 0.77393 10
1732185853533 0.78136 11
1732185944239 0.74648 12
1732186045150 0.72331 13
1732186138879 0.70134 14
1732186243030 0.6969 15
1732186346435 0.67683 16
1732186449377 0.68177 17
1732186554324 0.6506 18
1732186658535 0.65171 19
1732186761957 0.64102 20
1732186865314 0.63477 21
1732186969917 0.62948 22
1732187074090 0.61848 23
1732187178016 0.60358 24
1732187280794 0.60748 25
1732187375227 0.60669 26
1732187469360 0.59432 27
1732187558937 0.58377 28
1732187646557 0.58297 29
1732187733110 0.56957 30
1732187819203 0.56936 31
1732187900288 0.56343 32
1732187979763 0.56875 33
1732188059271 0.56011 34
1732188138717 0.55054 35
1732188220009 0.54737 36
1732188301153 0.54825 37
1732188381580 0.53163 38
1732188462717 0.52879 39
1732188543838 0.5248 40
1732188624181 0.52457 41
1732188705180 0.5241 42
1732188786259 0.51858 43
1732188866624 0.51616 44
1732188947717 0.51306 45
1732189028865 0.50737 46
1732189109174 0.50499 47
1732189190359 0.51004 48
1732189270753 0.50447 49
1732189351120 0.49965 50
1732189432318 0.49202 51
1732189512671 0.49787 52
1732189593796 0.49449 53
1732189674648 0.48502 54
1732189755128 0.48095 55
1732189835496 0.48229 56
1732189915977 0.47922 57
1732189996342 0.47421 58
1732190076678 0.4676 59
1732190157825 0.46661 60
1732190238254 0.46883 61
1732190318530 0.45704 62
1732190399610 0.45799 63
1732190479896 0.44776 64
1732190560210 0.44641 65
1732190641486 0.44568 66
1732190722662 0.44732 67
1732190803094 0.43804 68
1732190883524 0.44294 69
1732190965563 0.43558 70
1732191046437 0.42997 71
1732191126844 0.42825 72
1732191208052 0.42615 73
1732191289252 0.41849 74
1732191369604 0.42679 75
1732191450007 0.4177 76
1732191530370 0.41343 77
1732191611739 0.41816 78
1732191692175 0.41507 79
1732191773363 0.41036 80
1732191853790 0.40835 81
1732191934198 0.3992 82
1732192014528 0.39695 83
1732192095924 0.40224 84
1732192176244 0.39751 85
1732192257276 0.39339 86
1732192342531 0.38773 87
