1732184793958 1.01988 0
1732184902063 1.01126 1
1732185004005 1.07994 2
1732185106990 1.11828 3
1732185211879 1.10201 4
1732185305688 1.07734 5
1732185409577 1.04082 6
1732185502178 1.03252 7
1732185586827 1.02466 8
1732185673543 1.02252 9
1732185760715 0.99763 10
1732185853533 1.00653 11
1732185944239 0.99375 12
1732186045150 0.98419 13
1732186138879 0.97763 14
1732186243030 0.97007 15
1732186346435 0.96304 16
1732186449377 0.965 17
1732186554324 0.95826 18
1732186658535 0.96223 19
1732186761957 0.96244 20
1732186865314 0.95654 21
1732186969917 0.95522 22
1732187074090 0.95036 23
1732187178016 0.95005 24
1732187280794 0.93808 25
1732187375227 0.93515 26
1732187469360 0.93743 27
1732187558937 0.93083 28
1732187646557 0.937 29
1732187733110 0.92863 30
1732187819203 0.92443 31
1732187900288 0.92903 32
1732187979763 0.92744 33
1732188059271 0.92032 34
1732188138717 0.92276 35
1732188220009 0.91919 36
1732188301153 0.9193 37
1732188381580 0.92036 38
1732188462717 0.92011 39
1732188543838 0.91074 40
1732188624181 0.91835 41
1732188705180 0.90999 42
1732188786259 0.91685 43
1732188866624 0.91356 44
1732188947717 0.90596 45
1732189028865 0.90612 46
1732189109174 0.90292 47
1732189190359 0.90393 48
1732189270753 0.90535 49
1732189351120 0.9046 50
1732189432318 0.90092 51
1732189512671 0.90164 52
1732189593796 0.89705 53
1732189674648 0.89416 54
1732189755128 0.89744 55
1732189835496 0.90265 56
1732189915977 0.89334 57
1732189996342 0.88855 58
1732190076678 0.88631 59
1732190157825 0.89046 60
1732190238254 0.89282 61
1732190318530 0.88819 62
1732190399610 0.88859 63
1732190479896 0.88192 64
1732190560210 0.88434 65
1732190641486 0.87877 66
1732190722662 0.87997 67
1732190803094 0.88113 68
1732190883524 0.8801 69
1732190965563 0.88203 70
1732191046437 0.88089 71
1732191126844 0.87818 72
1732191208052 0.87503 73
1732191289252 0.8782 74
1732191369604 0.87326 75
1732191450007 0.87281 76
1732191530370 0.87197 77
1732191611739 0.87245 78
1732191692175 0.87005 79
1732191773363 0.87393 80
1732191853790 0.8702 81
1732191934198 0.87105 82
1732192014528 0.86738 83
1732192095924 0.86923 84
1732192176244 0.86454 85
1732192257276 0.86832 86
1732192342531 0.8636 87
